7820    12800   20400   30600   44200   62000   86500   121500  170000  237500  333000  466000  0   50000   100000  300000
9550    15600   24900   37400   54000   75500   105000  148000  207500  290000  406000  569000  0   60000   120000  360000
9890    16100   25800   38700   55900   78500   109500  153500  214500  300500  421000  589000  967500  70000   140000  420000
16100   26300   42000   63000   91000   127500  178500  249500  349500  489500  685000  959000  1575000 80000   160000  480000
23000   37500   60000   90000   130000  182000  255000  356500  499500  699000  979000  1370000 2250000 90000   180000  540000


4 *
Class D  8  5/25
5 *
Class C  8  6/25
Class B  9  0/25
6 *
Class A  10 1/25
Class S  10 15/25
